每幅图像的标定误差：
第1幅图像的平均误差：0.0624625像素
第2幅图像的平均误差：0.0815006像素
第3幅图像的平均误差：0.0494129像素
第4幅图像的平均误差：0.0608774像素
第5幅图像的平均误差：0.0594967像素
第6幅图像的平均误差：0.0771159像素
第7幅图像的平均误差：0.0640115像素
第8幅图像的平均误差：0.066712像素
第9幅图像的平均误差：0.0527296像素
第10幅图像的平均误差：0.0604704像素
总体平均误差：0.0634789像素

相机内参数矩阵：
[645.5807302705643, 0, 350.7688546503088;
 0, 641.6282577161082, 230.2876017888781;
 0, 0, 1]

畸变系数：
[-0.3949095933551536, -0.1258148666820537, -0.0007117931720231822, -0.006662011792367426, 0.6989243707997027]


第1幅图像的旋转向量：
[0.99067474230254;
 -2.919418841411408;
 -0.5289002502913897]
第1幅图像的旋转矩阵：
[-0.7992994448347676, -0.5888669669010974, -0.1198169135787361;
 -0.5934746407782115, 0.7422137358180816, 0.3112982831885531;
 -0.09438351678129622, 0.3199288446759212, -0.9427286386359147]
第1幅图像的平移向量：
[6.097601825418065;
 1.225958468710219;
 30.34580927423096]

第2幅图像的旋转向量：
[2.477095420819108;
 -1.06105580136073;
 -0.8237466047620533]
第2幅图像的旋转矩阵：
[0.5573179658648822, -0.5518340463624211, -0.6203836475919624;
 -0.7378120398127589, -0.6718504256559982, -0.06519508764615828;
 -0.3808281486859486, 0.494060918127645, -0.781584115976842]
第2幅图像的平移向量：
[-0.3949973819955741;
 9.428529750826685;
 33.83758517330359]

第3幅图像的旋转向量：
[0.6209955199540768;
 -2.856515664831494;
 -0.5580309225787379]
第3幅图像的旋转矩阵：
[-0.8998369804301301, -0.3669306124331984, -0.2359138281444811;
 -0.4287387093693326, 0.8436739083799927, 0.3231059507454893;
 0.08047687704368707, 0.3918880732788707, -0.9164863393870472]
第3幅图像的平移向量：
[7.016131316258019;
 1.363436719043462;
 28.70393027907689]

第4幅图像的旋转向量：
[0.5944273519530817;
 -2.73139973222008;
 -0.5162642243859159]
第4幅图像的旋转矩阵：
[-0.8701190221389339, -0.339455654522247, -0.3572992386289935;
 -0.4464461060261727, 0.8499774038058339, 0.2796860515534539;
 0.2087552675408526, 0.4028750074556212, -0.8911301625697451]
第4幅图像的平移向量：
[3.746817233690573;
 0.06615796603268177;
 29.92034810722369]

第5幅图像的旋转向量：
[0.3009385836460443;
 -2.910696615593628;
 -0.8449601235767408]
第5幅图像的旋转矩阵：
[-0.9759316056320129, -0.1618704405787219, -0.1461350799615602;
 -0.2149591185061992, 0.8269474974807944, 0.5195675257185438;
 0.03674341436991089, 0.5384754375801205, -0.8418397262088186]
第5幅图像的平移向量：
[3.156905846997613;
 -2.776680618361855;
 27.21240642340705]

第6幅图像的旋转向量：
[-0.9192216749475483;
 -3.011198444809398;
 0.01847044374752323]
第6幅图像的旋转矩阵：
[-0.8294953207979288, 0.5585049724136407, 0.003115856797089361;
 0.5584247231734069, 0.8294498787640775, -0.01321844041336349;
 -0.009967011741008922, -0.009224663001768649, -0.9999077778822697]
第6幅图像的平移向量：
[-0.08030632391200405;
 -7.856816679284374;
 29.61020065648931]

第7幅图像的旋转向量：
[-0.1165976929913294;
 2.598237822841471;
 0.8322738324200185]
第7幅图像的旋转矩阵：
[-0.9132988130290497, -0.1995865467242771, 0.3550358974616608;
 0.04384541565003533, 0.8184575662311604, 0.5728916056335979;
 -0.4049232737769028, 0.5387879199143611, -0.7387453686542823]
第7幅图像的平移向量：
[8.493191303447732;
 -2.711938160604341;
 27.35705782192709]

第8幅图像的旋转向量：
[2.412443658928793;
 -0.7314081470796656;
 -0.1412610830925068]
第8幅图像的旋转矩阵：
[0.8419420530866494, -0.470223846709363, -0.2646188074005456;
 -0.5349443554262173, -0.6633845158890541, -0.5232165141471302;
 0.07048486250157771, 0.5820743234884139, -0.8100749138774999]
第8幅图像的平移向量：
[-8.578486496730577;
 8.114631521186785;
 29.64653105599058]

第9幅图像的旋转向量：
[0.2713630643235387;
 -2.883597348191516;
 -0.4509424398407906]
第9幅图像的旋转矩阵：
[-0.9610037844091365, -0.1480125584588915, -0.2335894023490174;
 -0.212260288457409, 0.9362359982730378, 0.2800137951631412;
 0.1772492490683541, 0.3186760707617396, -0.9311435257942587]
第9幅图像的平移向量：
[8.003914175419164;
 -0.6905027724112913;
 29.0607077692393]

第10幅图像的旋转向量：
[0.1670610099360395;
 -3.035683321797003;
 -0.8707737221422573]
第10幅图像的旋转矩阵：
[-0.9942006302829515, -0.1071638606696906, -0.009000761709387271;
 -0.0956406406169462, 0.8428100042838893, 0.5296453195690203;
 -0.04917290521580132, 0.5274345491578616, -0.8481714577532546]
第10幅图像的平移向量：
[7.328948724594403;
 -2.07624702586598;
 26.52685587070685]


